# 剥皮小刀 (Skinning Knife) - 16x16 物品贴图

W=16 H=16
PALETTE
0: #181818
1: #444444
2: #6B6B6B
3: #3D1C10
4: #9E492A
5: #C65C35
6: #542716
7: #896727
8: #281E0B
9: #BEBEBE
10: #FFFFFF
11: #D8D8D8
12: #8A8A8A
13: #7A3A20
14: #B05530
15: #5A5A5A
16: #2E2E2E
17: #6E3A18
18: #A85830
19: #4A4A4A
20: #3A3A3A
21: #C8C8C8
22: #786048
23: #5A4020
24: #887050
INDEX GRID
-1 -1 -1 -1 -1 -1 -1 -1 -1 -1 -1 -1 -1 -1 -1 -1
-1 -1 -1 -1 -1 -1 -1 0 9 9 10 -1 -1 -1 -1 -1
-1 -1 -1 -1 -1 -1 0 9 9 10 11 0 -1 -1 -1 -1
-1 -1 -1 -1 -1 -1 0 9 10 11 9 0 -1 -1 -1 -1
-1 -1 -1 -1 -1 -1 0 12 9 10 9 0 -1 -1 -1 -1
-1 -1 -1 -1 -1 0 12 9 10 9 12 0 -1 -1 -1 -1
-1 -1 -1 -1 -1 0 12 9 10 9 12 0 -1 -1 -1 -1
-1 -1 -1 -1 0 12 9 9 10 9 9 0 -1 -1 -1 -1
-1 -1 -1 -1 0 15 19 1 2 1 15 0 -1 -1 -1 -1
-1 -1 -1 -1 0 15 1 1 2 1 15 0 -1 -1 -1 -1
-1 -1 -1 -1 0 3 3 3 3 3 3 0 -1 -1 -1 -1
-1 -1 -1 -1 0 4 13 4 6 4 13 0 -1 -1 -1 -1
-1 -1 -1 -1 0 5 14 4 6 4 13 0 -1 -1 -1 -1
-1 -1 -1 -1 0 5 14 17 7 17 18 0 -1 -1 -1 -1
-1 -1 -1 -1 -1 0 5 14 17 7 18 0 -1 -1 -1 -1
-1 -1 -1 -1 -1 -1 0 0 0 0 0 -1 -1 -1 -1 -1