# 设计分析：
# - 主方向：竖直法杖，骷髅头位于顶部（y=1~7），杖身垂直向下延伸至底部（y=8~15），整体居中于x=6~9。
# - 部件走向：骷髅头为圆润方形的骨白色块，带深色眼窝（左右对称）和下颌暗示；连接插座为暗色横条分隔头与杖；杖身有木纹纵向纹理，底部握柄段略粗并加缠绕纹。
# - 连接点：骷髅头底部（y=7）与插座（y=8）对齐，插座包住杖顶端；杖身从插座下方向下延伸，握柄段与主轴对齐，不偏心。

# FORMAT

# === face: sprite ===
# FILE: assets/mcmod/textures/item/q_9ab79ac56cd56756ff1a9876.png
W=16 H=16

PALETTE
0: #E9E6D4
1: #FFFFFD
2: #CBC6A5
3: #896727
4: #2E2E2E
5: #4A3A1A
6: #B8B09A
7: #6B5420

INDEX GRID
-1 -1 -1 -1 -1 -1 -1 -1 -1 -1 -1 -1 -1 -1 -1 -1
-1 -1 -1 -1 -1 -1 -1 -1 -1 -1 -1 -1 -1 -1 -1 -1
-1 -1 -1 -1 -1 -1  2  0  0  2 -1 -1 -1 -1 -1 -1
-1 -1 -1 -1 -1  4  0  1  0  0  4 -1 -1 -1 -1 -1
-1 -1 -1 -1 -1  0  0  1  0  0  0 -1 -1 -1 -1 -1
-1 -1 -1 -1 -1  0  4  4  4  4  0 -1 -1 -1 -1 -1
-1 -1 -1 -1 -1  0  4  0  0  4  0 -1 -1 -1 -1 -1
-1 -1 -1 -1 -1  2  0  0  0  0  2 -1 -1 -1 -1 -1
-1 -1 -1 -1 -1 -1  5  4  4  5 -1 -1 -1 -1 -1 -1
-1 -1 -1 -1 -1 -1 -1  5  5 -1 -1 -1 -1 -1 -1 -1
-1 -1 -1 -1 -1 -1 -1  3  5 -1 -1 -1 -1 -1 -1 -1
-1 -1 -1 -1 -1 -1 -1  3  5 -1 -1 -1 -1 -1 -1 -1
-1 -1 -1 -1 -1 -1 -1  5  3 -1 -1 -1 -1 -1 -1 -1
-1 -1 -1 -1 -1 -1 -1  3  5 -1 -1 -1 -1 -1 -1 -1
-1 -1 -1 -1 -1 -1  7  5  5  7 -1 -1 -1 -1 -1 -1
-1 -1 -1 -1 -1 -1 -1 -1 -1 -1 -1 -1 -1 -1 -1 -1