# 恶魔牛 (Demon Cow) - 16x16 物品图标

W=16 H=16
PALETTE
0: #171414
1: #2B0505
2: #3A0708
3: #5A0A0B
4: #940E0F
5: #A00F10
6: #E04A45
7: #01A7AC
8: #018488
9: #00D5DA
10: #FFFFFF
11: #6E0A0B
12: #7C0C0D
13: #C03530
14: #0B5F62
15: #4A0809
INDEX GRID
-1 -1 -1 -1 -1 -1 0 0 0 0 -1 -1 -1 -1 -1 -1
-1 -1 -1 -1 0 7 9 9 9 9 7 0 -1 -1 -1 -1
-1 -1 -1 0 10 9 9 9 9 9 9 10 0 -1 -1 -1
-1 -1 0 9 9 9 9 7 9 9 9 9 9 0 -1 -1
-1 -1 0 9 9 9 0 0 0 0 9 9 9 0 -1 -1
-1 0 1 1 0 0 5 5 5 5 0 0 1 1 0 -1
-1 0 1 1 1 5 5 5 5 5 5 1 1 1 0 -1
-1 0 1 1 5 5 6 5 5 6 5 5 1 1 0 -1
-1 0 1 5 5 6 5 5 5 5 6 5 5 1 0 -1
-1 0 1 5 5 5 0 7 7 0 5 5 5 1 0 -1
-1 -1 0 1 5 0 9 10 10 9 0 5 1 0 -1 -1
-1 -1 -1 0 1 5 5 5 5 5 5 1 0 -1 -1 -1
-1 -1 -1 0 1 5 5 5 5 5 5 1 0 -1 -1 -1
-1 -1 -1 -1 0 3 5 5 5 5 3 0 -1 -1 -1 -1
-1 -1 -1 -1 -1 0 3 11 11 3 0 -1 -1 -1 -1
-1 -1 -1 -1 -1 -1 0 0 0 0 -1 -1 -1 -1 -1 -1