=== face: top ===
FILE: assets/mcmod/textures/block/glowstone_mushroom_block_top.png
W=16 H=16

PALETTE
 0: #946d52
 1: #977251
 2: #8d6850
 3: #9c795a
 0  1  2  0  1  1  0  1  0  1  0  1  0  1  1  1
 0  2  0  0  1  0  0  1  1  1  2  1  1  1  3  1
 0  1  1  1  1  2  0  1  1  0  0  2  1  0  1  1
 0  0  1  1  1  0  1  1  1  1  0  0  1  1  1  1
 0  1  1  1  3  1  1  1  1  1  1  0  0  1  1  2
 0  2  0  1  1  1  1  1  1  1  0  3  0  1  1  0
 0  0  1  1  1  1  1  1  0  1  1  1  1  2  1  1
 1  0  1  1  1  3  1  0  2  1  0  1  1  0  2  1
 1  0  1  1  1  1  1  2  0  1  0  1  1  1  0  1
 1  1  1  1  1  0  1  2  1  1  0  0  1  0  1  1
 0  1  1  1  0  2  1  0  1  0  1  0  2  1  1  1
 0  1  0  3  1  0  0  0  0  0  2  0  1  0  1  1
 2  1  1  1  0  0  1  1  0  1  2  2  1  1  0  1
 2  0  1  0  0  0  1  1  1  1  1  2  1  1  0  1
 1  0  0  2  0  1  1  1  3  1  0  2  1  0  0  1
 1  1  0  2  1  1  3  0  1  1  1  1  1  1  0  0

=== face: side ===
FILE: assets/mcmod/textures/block/glowstone_mushroom_block_side.png
W=16 H=16

PALETTE
 0: #946d52
 1: #977251
 2: #8d6850
 3: #9c795a
 0  1  2  0  1  1  0  1  0  1  0  1  0  1  1  1
 0  2  0  0  1  0  0  1  1  1  2  1  1  1  3  1
 0  1  1  1  1  2  0  1  1  0  0  2  1  0  1  1
 0  0  1  1  1  0  1  1  1  1  0  0  1  1  1  1
 0  1  1  1  3  1  1  1  1  1  1  0  0  1  1  2
 0  2  0  1  1  1  1  1  1  1  0  3  0  1  1  0
 0  0  1  1  1  1  1  1  0  1  1  1  1  2  1  1
 1  0  1  1  1  3  1  0  2  1  0  1  1  0  2  1
 1  0  1  1  1  1  1  2  0  1  0  1  1  1  0  1
 1  1  1  1  1  0  1  2  1  1  0  0  1  0  1  1
 0  1  1  1  0  2  1  0  1  0  1  0  2  1  1  1
 0  1  0  3  1  0  0  0  0  0  2  0  1  0  1  1
 2  1  1  1  0  0  1  1  0  1  2  2  1  1  0  1
 2  0  1  0  0  0  1  1  1  1  1  2  1  1  0  1
 1  0  0  2  0  1  1  1  3  1  0  2  1  0  0  1
 1  1  0  2  1  1  3  0  1  1  1  1  1  1  0  0

=== face: bottom ===
FILE: assets/mcmod/textures/block/glowstone_mushroom_block_bottom.png
W=16 H=16

PALETTE
 0: #946d52
 1: #977251
 2: #8d6850
 3: #9c795a
 0  1  2  0  1  1  0  1  0  1  0  1  0  1  1  1
 0  2  0  0  1  0  0  1  1  1  2  1  1  1  3  1
 0  1  1  1  1  2  0  1  1  0  0  2  1  0  1  1
 0  0  1  1  1  0  1  1  1  1  0  0  1  1  1  1
 0  1  1  1  3  1  1  1  1  1  1  0  0  1  1  2
 0  2  0  1  1  1  1  1  1  1  0  3  0  1  1  0
 0  0  1  1  1  1  1  1  0  1  1  1  1  2  1  1
 1  0  1  1  1  3  1  0  2  1  0  1  1  0  2  1
 1  0  1  1  1  1  1  2  0  1  0  1  1  1  0  1
 1  1  1  1  1  0  1  2  1  1  0  0  1  0  1  1
 0  1  1  1  0  2  1  0  1  0  1  0  2  1  1  1
 0  1  0  3  1  0  0  0  0  0  2  0  1  0  1  1
 2  1  1  1  0  0  1  1  0  1  2  2  1  1  0  1
 2  0  1  0  0  0  1  1  1  1  1  2  1  1  0  1
 1  0  0  2  0  1  1  1  3  1  0  2  1  0  0  1
 1  1  0  2  1  1  3  0  1  1  1  1  1  1  0  0
