# 骷髅法杖 (Skeleton Staff)

W=16 H=16
PALETTE
0: #2E2E2E
1: #E9E6D4
2: #FFFFFD
3: #CBC6A5
4: #DBD8C6
5: #494949
6: #7B7E6B
7: #493615
8: #896727
9: #281E0B
10: #684E1E
11: #3A3A3A
12: #B8B49A
INDEX GRID
-1 -1 -1 -1 -1 -1 -1 -1 -1 -1 -1 -1 -1 -1 -1 -1
-1 -1 -1 -1 -1 0 1 1 1 0 -1 -1 -1 -1 -1 -1
-1 -1 -1 -1 0 1 2 1 2 1 0 -1 -1 -1 -1 -1
-1 -1 -1 -1 0 11 3 1 3 11 0 -1 -1 -1 -1 -1
-1 -1 -1 0 1 5 5 1 5 5 1 0 -1 -1 -1 -1
-1 -1 -1 0 1 5 5 1 5 5 1 0 -1 -1 -1 -1
-1 -1 -1 0 1 3 1 4 1 3 1 0 -1 -1 -1 -1
-1 -1 -1 -1 0 1 1 3 1 1 0 -1 -1 -1 -1 -1
-1 -1 -1 -1 -1 0 6 6 6 0 -1 -1 -1 -1 -1 -1
-1 -1 -1 -1 -1 -1 0 7 0 -1 -1 -1 -1 -1 -1 -1
-1 -1 -1 -1 -1 -1 10 8 10 -1 -1 -1 -1 -1 -1 -1
-1 -1 -1 -1 -1 -1 0 7 0 -1 -1 -1 -1 -1 -1 -1
-1 -1 -1 -1 -1 -1 10 9 10 -1 -1 -1 -1 -1 -1 -1
-1 -1 -1 -1 -1 -1 0 9 0 -1 -1 -1 -1 -1 -1 -1
-1 -1 -1 -1 -1 -1 -1 0 -1 -1 -1 -1 -1 -1 -1 -1
-1 -1 -1 -1 -1 -1 -1 -1 -1 -1 -1 -1 -1 -1 -1 -1