FORM=cross
FACES=1

=== face: cross ===
FILE: assets/mcmod/textures/block/mushroom_sprout.png
W=16 H=16

PALETTE
0: #E21212
1: #C41D26
2: #A9121A
3: #E3DDBA
4: #CFC47F
5: #CC9978
6: #916D55
7: #725643

INDEX GRID
-1 -1 -1 -1 -1 -1 -1 -1 -1 -1 -1 -1 -1 -1 -1 -1
-1 -1 -1 -1 -1 -1 -1 -1 -1 -1 -1 -1 -1 -1 -1 -1
-1 -1 -1 -1 -1 -1 -1 -1 -1 -1 -1 -1 -1 -1 -1 -1
-1 -1 -1 -1 -1 -1 -1 -1 -1 -1 -1 -1 -1 -1 -1 -1
-1 -1 -1 -1 -1 -1 -1 -1 -1 -1 -1 -1 -1 -1 -1 -1
-1 -1 -1 -1 -1 -1  2  0  0  2 -1 -1 -1 -1 -1 -1
-1 -1 -1 -1 -1  2  0  0  1  0  2 -1 -1 -1 -1 -1
-1 -1 -1 -1  2  0  0  1  0  0  1  2 -1 -1 -1 -1
-1 -1 -1 -1  2  0  1  0  0  1  0  2 -1 -1 -1 -1
-1 -1 -1 -1  2  0  0  1  0  0  1  2 -1 -1 -1 -1
-1 -1 -1 -1  3  3  4  3  3  3  4  3 -1 -1 -1 -1
-1 -1 -1 -1 -1 -1 -1  5  6 -1 -1 -1 -1 -1 -1 -1
-1 -1 -1 -1 -1 -1 -1  5  6 -1 -1 -1 -1 -1 -1 -1
-1 -1 -1 -1 -1 -1  7  5  6  7 -1 -1 -1 -1 -1 -1
-1 -1 -1 -1 -1 -1 -1  5  6 -1 -1 -1 -1 -1 -1 -1
-1 -1 -1 -1 -1 -1 -1  5  6 -1 -1 -1 -1 -1 -1 -1
