# 设计分析：
# - 主体方向：刀尖朝右上，整把刀从左上到右下呈约45°对角线布局，刀尖在左上区域，刀柄在右下区域
# - 部件走向：刀刃沿左上方向延伸，护手垂直于刀身主轴，刀柄沿右下方向，皮革缠绳横向环绕
# - 连接点：护手位于刀刃与刀柄之间，三者沿同一主轴对齐，护手宽度略大于刀身和刀柄

# === face: sprite ===
# FILE: assets/mcmod/textures/item/q_526576ae5c0f5200ff1a65b0.png
W=16 H=16

PALETTE
0: #181818
1: #444444
2: #BEBEBE
3: #FFFFFF
4: #896727
5: #6B4F1F
6: #A07830
7: #5C3D15

INDEX GRID
-1 -1 -1 -1 -1 -1 -1 -1 -1 -1 -1 -1 -1 -1 -1 -1
-1 -1 -1 -1 -1 -1 -1 -1 -1 -1 -1 -1 -1 -1 -1 -1
-1 -1 -1 -1 -1 -1 -1 -1 -1 0 1 1 1 0 -1 -1
-1 -1 -1 -1 -1 -1 -1 -1 0 2 3 2 1 0 -1 -1
-1 -1 -1 -1 -1 -1 -1 0 2 3 2 1 0 -1 -1 -1
-1 -1 -1 -1 -1 -1 0 2 3 2 1 0 -1 -1 -1 -1
-1 -1 -1 -1 -1 0 2 3 2 1 0 -1 -1 -1 -1 -1
-1 -1 -1 -1 0 2 3 2 1 0 -1 -1 -1 -1 -1 -1
-1 -1 -1 0 1 2 2 1 0 -1 -1 -1 -1 -1 -1 -1
-1 -1 0 7 0 1 0 0 -1 -1 -1 -1 -1 -1 -1 -1
-1 -1 0 4 0 0 -1 -1 -1 -1 -1 -1 -1 -1 -1 -1
-1 -1 0 5 4 0 -1 -1 -1 -1 -1 -1 -1 -1 -1 -1
-1 -1 -1 0 5 4 0 -1 -1 -1 -1 -1 -1 -1 -1 -1
-1 -1 -1 0 6 5 4 0 -1 -1 -1 -1 -1 -1 -1 -1
-1 -1 -1 -1 0 5 4 0 -1 -1 -1 -1 -1 -1 -1 -1
-1 -1 -1 -1 0 4 0 -1 -1 -1 -1 -1 -1 -1 -1 -1