# 村民皮 (Villager Hide) - 16x16 物品贴图

W=16 H=16
PALETTE
0: #3D1C10
1: #542716
2: #9E492A
3: #C65C35
4: #D76B43
5: #3D2D29
6: #545353
7: #636260
8: #6F6D6A
9: #817D79
10: #281E0B
11: #493615
12: #684E1E
13: #896727
INDEX GRID
-1 -1 -1 -1 -1 10 11 12 13 10 -1 -1 -1 -1 -1 -1
-1 -1 -1 10 12 13 13 13 12 11 10 -1 -1 -1 -1 -1
-1 -1 10 12 13 13 12 13 13 13 11 10 -1 -1 -1 -1
-1 -1 11 13 12 10 0 1 1 10 12 13 10 -1 -1 -1
-1 -1 10 12 0 1 2 3 2 1 0 12 10 -1 -1 -1
-1 -1 -1 10 1 2 3 4 3 2 1 0 10 -1 -1 -1
-1 -1 -1 0 1 2 3 4 4 3 2 1 0 -1 -1 -1
-1 -1 -1 0 1 2 3 4 3 3 2 1 0 -1 -1 -1
-1 -1 -1 0 1 2 3 3 2 2 1 0 0 -1 -1 -1
-1 -1 -1 0 1 2 2 1 0 1 2 1 0 -1 -1 -1
-1 -1 -1 -1 0 1 0 5 6 0 1 0 -1 -1 -1 -1
-1 -1 -1 -1 5 6 8 9 8 7 6 5 -1 -1 -1 -1
-1 -1 -1 -1 5 7 8 9 8 7 5 5 -1 -1 -1 -1
-1 -1 -1 -1 -1 5 6 7 8 6 5 -1 -1 -1 -1 -1
-1 -1 -1 -1 -1 -1 5 6 7 5 -1 -1 -1 -1 -1 -1
-1 -1 -1 -1 -1 -1 -1 5 5 -1 -1 -1 -1 -1 -1 -1