W=16 H=16

PALETTE
0: #10282A
1: #16403C
2: #1F4E4A
3: #2F6F68
4: #3E8F84
5: #8FCEC4
6: #3E2613
7: #5A3413
8: #7A4A1E
9: #8A5C26

INDEX GRID
-1 -1 -1 -1 -1 -1 -1 -1 0 -1 -1 -1 -1 -1 -1 -1
-1 -1 -1 -1 0 -1 -1 0 4 0 -1 -1 0 -1 -1 -1
-1 -1 -1 0 5 0 -1 0 5 0 -1 0 5 0 -1 -1
-1 -1 -1 0 5 2 0 4 5 4 0 2 5 0 -1 -1
-1 -1 -1 0 5 3 2 4 5 4 2 2 5 0 -1 -1
-1 -1 -1 0 4 2 3 4 4 3 2 2 4 0 -1 -1
-1 -1 -1 -1 0 2 2 3 4 3 2 1 0 -1 -1 -1
-1 -1 -1 -1 -1 0 0 2 3 2 0 0 -1 -1 -1 -1
-1 -1 -1 -1 -1 -1 -1 6 8 6 -1 -1 -1 -1 -1 -1
-1 -1 -1 -1 -1 -1 6 9 6 -1 -1 -1 -1 -1 -1 -1
-1 -1 -1 -1 -1 6 7 6 -1 -1 -1 -1 -1 -1 -1 -1
-1 -1 -1 -1 6 8 6 -1 -1 -1 -1 -1 -1 -1 -1 -1
-1 -1 -1 6 9 6 -1 -1 -1 -1 -1 -1 -1 -1 -1 -1
-1 -1 6 7 6 -1 -1 -1 -1 -1 -1 -1 -1 -1 -1 -1
-1 6 8 6 -1 -1 -1 -1 -1 -1 -1 -1 -1 -1 -1 -1
-1 6 6 -1 -1 -1 -1 -1 -1 -1 -1 -1 -1 -1 -1 -1
